{
 "cells": [
  {
   "cell_type": "markdown",
   "metadata": {},
   "source": [
    "# HW 6 — Topic Modeling Solutions"
   ]
  },
  {
   "cell_type": "markdown",
   "metadata": {},
   "source": [
    "Student Name: Your name here  \n",
    "Net ID: Your ID here\n",
    "(Double-click this cell to type)"
   ]
  },
  {
   "cell_type": "markdown",
   "metadata": {},
   "source": [
    "---\n",
    "In this homework assignment, you will be topic modeling a collection of Reddit posts to understand some of its broad themes and trends. You will choose to analyze either a collection of posts from the subreddit [r/pettyrevenge](https://www.reddit.com/r/pettyrevenge/) OR the subreddit [r/AskScience](https://www.reddit.com/r/askscience/).\n",
    "\n",
    "*Note: Posts from r/pettyrevenge may be offensive or inapproriate.*\n",
    "\n",
    "This homework assignment will closely mirror our 05-Text-Analysis/04.5 class workbook from Monday, April 12th. It will also include basic Python and Pandas concepts from the previous weeks. You are encouraged to refer back to your class workbooks and the course textbook.\n",
    "\n",
    "When you're finished, please upload this Jupyer notebook to Gradescope (LAST-NAME-HW-6.ipynb)."
   ]
  },
  {
   "cell_type": "markdown",
   "metadata": {},
   "source": [
    "## Python Review"
   ]
  },
  {
   "cell_type": "code",
   "execution_count": 569,
   "metadata": {},
   "outputs": [],
   "source": [
    "titles = ['AITA for kicking my cousin off of my sister’s wedding Zoom call?',\n",
    " 'AITA for resenting my family for something that happened over a decade ago?',\n",
    " 'AITA for cutting the power to a little girl’s birthday party?',\n",
    " 'AITA for keeping a $300000 prize to myself when I originally planned to share it with my boyfriend?']"
   ]
  },
  {
   "cell_type": "markdown",
   "metadata": {},
   "source": [
    "**1.** Transform each title in `titles` to lowercase, and make a new list of the lowercased titles called `lowercase_titles`. To do so, use a [list comprehension](https://www.w3schools.com/python/python_lists_comprehension.asp) (that is, just one line of Python code). (3 points)"
   ]
  },
  {
   "cell_type": "code",
   "execution_count": 566,
   "metadata": {},
   "outputs": [],
   "source": [
    "lowercase_titles = [post.lower() for post in posts]"
   ]
  },
  {
   "cell_type": "code",
   "execution_count": 567,
   "metadata": {},
   "outputs": [
    {
     "name": "stdout",
     "output_type": "stream",
     "text": [
      "['aita for kicking my cousin off of my sister’s wedding zoom call?', 'aita for resenting my family for something that happened over a decade ago?', 'aita for cutting the power to a little girl’s birthday party?', 'aita for keeping a $300000 prize to myself when i originally planned to share it with my boyfriend?']\n"
     ]
    }
   ],
   "source": [
    "print(lowercase_titles)"
   ]
  },
  {
   "cell_type": "markdown",
   "metadata": {},
   "source": [
    "## Topic Modeling"
   ]
  },
  {
   "cell_type": "markdown",
   "metadata": {},
   "source": [
    "### Install and Import Packages"
   ]
  },
  {
   "cell_type": "markdown",
   "metadata": {},
   "source": [
    "**2.** Install `little_mallet_wrapper` (1 point)"
   ]
  },
  {
   "cell_type": "code",
   "execution_count": null,
   "metadata": {},
   "outputs": [],
   "source": [
    "!pip install little_mallet_wrapper"
   ]
  },
  {
   "cell_type": "markdown",
   "metadata": {},
   "source": [
    "**3.** Import `little_mallet_wrapper`, `pandas`, and `Path`  (1 point)"
   ]
  },
  {
   "cell_type": "code",
   "execution_count": 15,
   "metadata": {},
   "outputs": [],
   "source": [
    "import little_mallet_wrapper\n",
    "import pandas as pd\n",
    "from pathlib import Path"
   ]
  },
  {
   "cell_type": "markdown",
   "metadata": {},
   "source": [
    "### Get Training Data From CSV File"
   ]
  },
  {
   "cell_type": "markdown",
   "metadata": {},
   "source": [
    "Below you will read in the CSV file for the subreddit [r/pettyrevenge](https://www.reddit.com/r/pettyrevenge/) OR the subreddit [r/AskScience](https://www.reddit.com/r/askscience/). To get the r/AskScience data, you will need to uncomment the line below."
   ]
  },
  {
   "cell_type": "code",
   "execution_count": 572,
   "metadata": {},
   "outputs": [],
   "source": [
    "reddit_df = pd.read_csv(\"../data/top-reddit-petty-revenge-posts.csv\", encoding='utf-8')"
   ]
  },
  {
   "cell_type": "code",
   "execution_count": 600,
   "metadata": {},
   "outputs": [],
   "source": [
    "reddit_df = pd.read_csv(\"../data/top-reddit-ask-science-posts.csv\", encoding='utf-8')"
   ]
  },
  {
   "cell_type": "code",
   "execution_count": 601,
   "metadata": {},
   "outputs": [
    {
     "data": {
      "text/plain": [
       "(1016, 9)"
      ]
     },
     "execution_count": 601,
     "metadata": {},
     "output_type": "execute_result"
    }
   ],
   "source": [
    "reddit_df.shape"
   ]
  },
  {
   "cell_type": "markdown",
   "metadata": {},
   "source": [
    "**4.** Convert the `selftext` column to the datatype *string* and re-assign to the same column  (1 point)"
   ]
  },
  {
   "cell_type": "code",
   "execution_count": 573,
   "metadata": {},
   "outputs": [],
   "source": [
    "reddit_df['selftext'] = reddit_df['selftext'].astype(str)"
   ]
  },
  {
   "cell_type": "markdown",
   "metadata": {},
   "source": [
    "### Process Reddit Posts and Titles"
   ]
  },
  {
   "cell_type": "markdown",
   "metadata": {},
   "source": [
    "**5.** Transform all the Reddit posts to lowercase and remove stopwords, punctuation, and numbers. To do so, you should use a `little_mallet_wrapper` function and a list comprehension (just one line of code)  (2 points)"
   ]
  },
  {
   "cell_type": "code",
   "execution_count": 574,
   "metadata": {},
   "outputs": [],
   "source": [
    "training_data = [little_mallet_wrapper.process_string(text, numbers='remove') for text in reddit_df['selftext']]"
   ]
  },
  {
   "cell_type": "markdown",
   "metadata": {},
   "source": [
    "Make a list of the original Reddit posts (completed for you below)."
   ]
  },
  {
   "cell_type": "code",
   "execution_count": 575,
   "metadata": {},
   "outputs": [],
   "source": [
    "original_texts = [text for text in reddit_df['selftext']]"
   ]
  },
  {
   "cell_type": "markdown",
   "metadata": {},
   "source": [
    "**5.** Make a list of every title from the DataFrame in the column \"title\" and assign it to the variable `reddit_titles` (2 points)"
   ]
  },
  {
   "cell_type": "code",
   "execution_count": 576,
   "metadata": {},
   "outputs": [],
   "source": [
    "reddit_titles = [title for title in reddit_df['title']]"
   ]
  },
  {
   "cell_type": "markdown",
   "metadata": {},
   "source": [
    "## Training the Topic Model"
   ]
  },
  {
   "cell_type": "markdown",
   "metadata": {},
   "source": [
    "### Set Number of Topics and Output Files"
   ]
  },
  {
   "cell_type": "markdown",
   "metadata": {},
   "source": [
    "Make a variable `num_topics` and assign it the number of topics we want returned (complete for you below)."
   ]
  },
  {
   "cell_type": "code",
   "execution_count": 599,
   "metadata": {},
   "outputs": [],
   "source": [
    "num_topics = 15"
   ]
  },
  {
   "cell_type": "markdown",
   "metadata": {},
   "source": [
    "Tell Little MALLET Wrapper where to output all of your topic modeling results. To do so, run the cell below."
   ]
  },
  {
   "cell_type": "code",
   "execution_count": 582,
   "metadata": {},
   "outputs": [],
   "source": [
    "#No need to change anything below here\n",
    "training_data = training_data\n",
    "\n",
    "#Set output directory\n",
    "output_directory_path = 'topic-model-output/HW-6/'\n",
    "\n",
    "#Create output directory\n",
    "Path(f\"{output_directory_path}\").mkdir(parents=True, exist_ok=True)\n",
    "\n",
    "#Create output files\n",
    "path_to_training_data           = f\"{output_directory_path}/training.txt\"\n",
    "path_to_formatted_training_data = f\"{output_directory_path}/mallet.training\"\n",
    "path_to_model                   = f\"{output_directory_path}/mallet.model.{str(num_topics)}\"\n",
    "path_to_topic_keys              = f\"{output_directory_path}/mallet.topic_keys.{str(num_topics)}\"\n",
    "path_to_topic_distributions     = f\"{output_directory_path}/mallet.topic_distributions.{str(num_topics)}\""
   ]
  },
  {
   "cell_type": "markdown",
   "metadata": {},
   "source": [
    "### Train Topic Model"
   ]
  },
  {
   "cell_type": "markdown",
   "metadata": {},
   "source": [
    "**6.** Set `path_to_mallet` to the file path for where Mallet is located on your computer (1 point)"
   ]
  },
  {
   "cell_type": "code",
   "execution_count": 583,
   "metadata": {},
   "outputs": [],
   "source": [
    "path_to_mallet = '../05-Text-Analysis/mallet-2.0.8/bin/mallet'"
   ]
  },
  {
   "cell_type": "markdown",
   "metadata": {},
   "source": [
    "*Note: The file path above should work for Binder, but if you're working on your own computer, you may need to change the path.*"
   ]
  },
  {
   "cell_type": "markdown",
   "metadata": {},
   "source": [
    "Train the topic model with `little_mallet_wrapper.quick_train_topic_model()`."
   ]
  },
  {
   "cell_type": "code",
   "execution_count": 584,
   "metadata": {
    "scrolled": true
   },
   "outputs": [
    {
     "name": "stdout",
     "output_type": "stream",
     "text": [
      "Importing data...\n",
      "Complete\n",
      "Training topic model...\n",
      "Complete\n"
     ]
    },
    {
     "data": {
      "text/plain": [
       "([['one',\n",
       "   'first',\n",
       "   'two',\n",
       "   'edit',\n",
       "   'account',\n",
       "   'see',\n",
       "   'everything',\n",
       "   'know',\n",
       "   'email',\n",
       "   'lot',\n",
       "   'another',\n",
       "   'blah',\n",
       "   'team',\n",
       "   'also',\n",
       "   'questions',\n",
       "   'use',\n",
       "   'phone',\n",
       "   'com',\n",
       "   'days',\n",
       "   'group'],\n",
       "  ['one',\n",
       "   'time',\n",
       "   'back',\n",
       "   'line',\n",
       "   'would',\n",
       "   'people',\n",
       "   'two',\n",
       "   'got',\n",
       "   'first',\n",
       "   'around',\n",
       "   'day',\n",
       "   'said',\n",
       "   'could',\n",
       "   'minutes',\n",
       "   'front',\n",
       "   'started',\n",
       "   'even',\n",
       "   'bus',\n",
       "   'away',\n",
       "   'next'],\n",
       "  ['school',\n",
       "   'would',\n",
       "   'class',\n",
       "   'got',\n",
       "   'didn',\n",
       "   'one',\n",
       "   'girl',\n",
       "   'day',\n",
       "   'year',\n",
       "   'years',\n",
       "   'told',\n",
       "   'went',\n",
       "   'teacher',\n",
       "   'time',\n",
       "   'back',\n",
       "   'friends',\n",
       "   'everyone',\n",
       "   'family',\n",
       "   'asked',\n",
       "   'kids'],\n",
       "  ['work',\n",
       "   'phone',\n",
       "   'back',\n",
       "   'time',\n",
       "   'get',\n",
       "   'call',\n",
       "   'would',\n",
       "   'day',\n",
       "   'told',\n",
       "   'office',\n",
       "   'new',\n",
       "   'manager',\n",
       "   'money',\n",
       "   'job',\n",
       "   'pay',\n",
       "   'got',\n",
       "   'working',\n",
       "   'one',\n",
       "   'worked',\n",
       "   'boss'],\n",
       "  ['back',\n",
       "   'seat',\n",
       "   'lady',\n",
       "   'mom',\n",
       "   'woman',\n",
       "   'look',\n",
       "   'get',\n",
       "   'next',\n",
       "   'says',\n",
       "   'starts',\n",
       "   'around',\n",
       "   'little',\n",
       "   'flight',\n",
       "   'front',\n",
       "   'comes',\n",
       "   'seats',\n",
       "   'daughter',\n",
       "   'two',\n",
       "   'see',\n",
       "   'way'],\n",
       "  ['like',\n",
       "   'get',\n",
       "   'really',\n",
       "   'know',\n",
       "   'well',\n",
       "   'guy',\n",
       "   'people',\n",
       "   'didn',\n",
       "   'said',\n",
       "   'good',\n",
       "   'even',\n",
       "   'going',\n",
       "   'something',\n",
       "   'say',\n",
       "   'still',\n",
       "   'much',\n",
       "   'make',\n",
       "   'things',\n",
       "   'shit',\n",
       "   'little'],\n",
       "  ['car',\n",
       "   'parking',\n",
       "   'spot',\n",
       "   'get',\n",
       "   'front',\n",
       "   'back',\n",
       "   'right',\n",
       "   'park',\n",
       "   'way',\n",
       "   'parked',\n",
       "   'drive',\n",
       "   'driver',\n",
       "   'street',\n",
       "   'lot',\n",
       "   'see',\n",
       "   'behind',\n",
       "   'lane',\n",
       "   'left',\n",
       "   'road',\n",
       "   'truck'],\n",
       "  ['house',\n",
       "   'would',\n",
       "   'got',\n",
       "   'door',\n",
       "   'one',\n",
       "   'night',\n",
       "   'day',\n",
       "   'home',\n",
       "   'went',\n",
       "   'brother',\n",
       "   'room',\n",
       "   'next',\n",
       "   'every',\n",
       "   'dog',\n",
       "   'dad',\n",
       "   'told',\n",
       "   'time',\n",
       "   'apartment',\n",
       "   'since',\n",
       "   'could'],\n",
       "  ['food',\n",
       "   'like',\n",
       "   'order',\n",
       "   'table',\n",
       "   'lunch',\n",
       "   'bar',\n",
       "   'get',\n",
       "   'went',\n",
       "   'drink',\n",
       "   'back',\n",
       "   'eat',\n",
       "   'restaurant',\n",
       "   'coffee',\n",
       "   'one',\n",
       "   'cut',\n",
       "   'drinks',\n",
       "   'hot',\n",
       "   'came',\n",
       "   'eating',\n",
       "   'night'],\n",
       "  ['store',\n",
       "   'removed',\n",
       "   'one',\n",
       "   'floor',\n",
       "   'put',\n",
       "   'room',\n",
       "   'bathroom',\n",
       "   'stuff',\n",
       "   'back',\n",
       "   'time',\n",
       "   'items',\n",
       "   'clothes',\n",
       "   'get',\n",
       "   'cashier',\n",
       "   'cart',\n",
       "   'counter',\n",
       "   'away',\n",
       "   'buy',\n",
       "   'take',\n",
       "   'minutes']],\n",
       " [[0.029745042492917848,\n",
       "   0.13456090651558072,\n",
       "   0.032577903682719546,\n",
       "   0.018413597733711047,\n",
       "   0.009915014164305949,\n",
       "   0.26487252124645894,\n",
       "   0.021246458923512748,\n",
       "   0.3668555240793201,\n",
       "   0.024079320113314446,\n",
       "   0.09773371104815864],\n",
       "  [0.07142857142857142,\n",
       "   0.07142857142857142,\n",
       "   0.07142857142857142,\n",
       "   0.07142857142857142,\n",
       "   0.07142857142857142,\n",
       "   0.21428571428571427,\n",
       "   0.07142857142857142,\n",
       "   0.07142857142857142,\n",
       "   0.07142857142857142,\n",
       "   0.21428571428571427],\n",
       "  [0.0033112582781456954,\n",
       "   0.15562913907284767,\n",
       "   0.023178807947019868,\n",
       "   0.016556291390728478,\n",
       "   0.11589403973509933,\n",
       "   0.2947019867549669,\n",
       "   0.22847682119205298,\n",
       "   0.04966887417218543,\n",
       "   0.0033112582781456954,\n",
       "   0.10927152317880795],\n",
       "  [0.0673758865248227,\n",
       "   0.05319148936170213,\n",
       "   0.05555555555555555,\n",
       "   0.013002364066193853,\n",
       "   0.06501182033096926,\n",
       "   0.13829787234042554,\n",
       "   0.05555555555555555,\n",
       "   0.4030732860520095,\n",
       "   0.06264775413711583,\n",
       "   0.08628841607565012],\n",
       "  [0.07142857142857142,\n",
       "   0.21428571428571427,\n",
       "   0.07142857142857142,\n",
       "   0.07142857142857142,\n",
       "   0.07142857142857142,\n",
       "   0.07142857142857142,\n",
       "   0.07142857142857142,\n",
       "   0.07142857142857142,\n",
       "   0.07142857142857142,\n",
       "   0.21428571428571427],\n",
       "  [0.20652173913043478,\n",
       "   0.010869565217391304,\n",
       "   0.02391304347826087,\n",
       "   0.3673913043478261,\n",
       "   0.015217391304347827,\n",
       "   0.22826086956521738,\n",
       "   0.002173913043478261,\n",
       "   0.07608695652173914,\n",
       "   0.041304347826086954,\n",
       "   0.02826086956521739],\n",
       "  [0.15193370165745856,\n",
       "   0.09116022099447514,\n",
       "   0.42265193370165743,\n",
       "   0.04143646408839779,\n",
       "   0.06906077348066299,\n",
       "   0.1132596685082873,\n",
       "   0.024861878453038673,\n",
       "   0.008287292817679558,\n",
       "   0.06906077348066299,\n",
       "   0.008287292817679558],\n",
       "  [0.0031446540880503146,\n",
       "   0.11006289308176101,\n",
       "   0.25471698113207547,\n",
       "   0.03459119496855346,\n",
       "   0.0660377358490566,\n",
       "   0.21069182389937108,\n",
       "   0.0031446540880503146,\n",
       "   0.27358490566037735,\n",
       "   0.0220125786163522,\n",
       "   0.0220125786163522],\n",
       "  [0.04590570719602978,\n",
       "   0.0012406947890818859,\n",
       "   0.028535980148883373,\n",
       "   0.04838709677419355,\n",
       "   0.04590570719602978,\n",
       "   0.14764267990074442,\n",
       "   0.0012406947890818859,\n",
       "   0.4826302729528536,\n",
       "   0.1674937965260546,\n",
       "   0.031017369727047148],\n",
       "  [0.1774193548387097,\n",
       "   0.03763440860215054,\n",
       "   0.026881720430107527,\n",
       "   0.1774193548387097,\n",
       "   0.005376344086021506,\n",
       "   0.3279569892473118,\n",
       "   0.016129032258064516,\n",
       "   0.22043010752688172,\n",
       "   0.005376344086021506,\n",
       "   0.005376344086021506],\n",
       "  [0.003778337531486146,\n",
       "   0.10453400503778337,\n",
       "   0.11712846347607053,\n",
       "   0.11964735516372796,\n",
       "   0.003778337531486146,\n",
       "   0.4596977329974811,\n",
       "   0.03400503778337532,\n",
       "   0.12720403022670027,\n",
       "   0.02644836272040302,\n",
       "   0.003778337531486146],\n",
       "  [0.0029239766081871343,\n",
       "   0.21929824561403508,\n",
       "   0.043859649122807015,\n",
       "   0.038011695906432746,\n",
       "   0.11403508771929824,\n",
       "   0.34210526315789475,\n",
       "   0.008771929824561403,\n",
       "   0.038011695906432746,\n",
       "   0.1608187134502924,\n",
       "   0.03216374269005848],\n",
       "  [0.29545454545454547,\n",
       "   0.02922077922077922,\n",
       "   0.02922077922077922,\n",
       "   0.10064935064935066,\n",
       "   0.016233766233766232,\n",
       "   0.39935064935064934,\n",
       "   0.00974025974025974,\n",
       "   0.11363636363636363,\n",
       "   0.003246753246753247,\n",
       "   0.003246753246753247],\n",
       "  [0.08113207547169811,\n",
       "   0.11509433962264151,\n",
       "   0.0018867924528301887,\n",
       "   0.42830188679245285,\n",
       "   0.020754716981132074,\n",
       "   0.23962264150943396,\n",
       "   0.024528301886792454,\n",
       "   0.024528301886792454,\n",
       "   0.05471698113207547,\n",
       "   0.009433962264150943],\n",
       "  [0.09221311475409837,\n",
       "   0.10040983606557377,\n",
       "   0.3422131147540984,\n",
       "   0.14959016393442623,\n",
       "   0.018442622950819672,\n",
       "   0.2069672131147541,\n",
       "   0.0020491803278688526,\n",
       "   0.010245901639344262,\n",
       "   0.0020491803278688526,\n",
       "   0.07581967213114754],\n",
       "  [0.07142857142857142,\n",
       "   0.07142857142857142,\n",
       "   0.07142857142857142,\n",
       "   0.21428571428571427,\n",
       "   0.07142857142857142,\n",
       "   0.07142857142857142,\n",
       "   0.07142857142857142,\n",
       "   0.07142857142857142,\n",
       "   0.07142857142857142,\n",
       "   0.21428571428571427],\n",
       "  [0.01717557251908397,\n",
       "   0.11259541984732824,\n",
       "   0.03625954198473282,\n",
       "   0.05916030534351145,\n",
       "   0.34923664122137404,\n",
       "   0.36450381679389315,\n",
       "   0.0019083969465648854,\n",
       "   0.02480916030534351,\n",
       "   0.0057251908396946565,\n",
       "   0.02862595419847328],\n",
       "  [0.005, 0.265, 0.005, 0.185, 0.005, 0.185, 0.055, 0.185, 0.075, 0.035],\n",
       "  [0.1565040650406504,\n",
       "   0.0508130081300813,\n",
       "   0.4654471544715447,\n",
       "   0.03048780487804878,\n",
       "   0.08739837398373984,\n",
       "   0.16869918699186992,\n",
       "   0.0020325203252032522,\n",
       "   0.006097560975609756,\n",
       "   0.006097560975609756,\n",
       "   0.026422764227642278],\n",
       "  [0.07142857142857142,\n",
       "   0.07142857142857142,\n",
       "   0.07142857142857142,\n",
       "   0.07142857142857142,\n",
       "   0.07142857142857142,\n",
       "   0.07142857142857142,\n",
       "   0.07142857142857142,\n",
       "   0.07142857142857142,\n",
       "   0.07142857142857142,\n",
       "   0.35714285714285715],\n",
       "  [0.026595744680851064,\n",
       "   0.03723404255319149,\n",
       "   0.12234042553191489,\n",
       "   0.5372340425531915,\n",
       "   0.06914893617021277,\n",
       "   0.12234042553191489,\n",
       "   0.005319148936170213,\n",
       "   0.005319148936170213,\n",
       "   0.05851063829787234,\n",
       "   0.015957446808510637],\n",
       "  [0.057432432432432436,\n",
       "   0.037162162162162164,\n",
       "   0.037162162162162164,\n",
       "   0.010135135135135136,\n",
       "   0.09121621621621621,\n",
       "   0.13851351351351351,\n",
       "   0.016891891891891893,\n",
       "   0.19932432432432431,\n",
       "   0.1858108108108108,\n",
       "   0.22635135135135134],\n",
       "  [0.020833333333333332,\n",
       "   0.0625,\n",
       "   0.16964285714285715,\n",
       "   0.008928571428571428,\n",
       "   0.050595238095238096,\n",
       "   0.17559523809523808,\n",
       "   0.002976190476190476,\n",
       "   0.08630952380952381,\n",
       "   0.41369047619047616,\n",
       "   0.008928571428571428],\n",
       "  [0.025362318840579712,\n",
       "   0.09057971014492754,\n",
       "   0.5181159420289855,\n",
       "   0.025362318840579712,\n",
       "   0.0036231884057971015,\n",
       "   0.2717391304347826,\n",
       "   0.03260869565217391,\n",
       "   0.025362318840579712,\n",
       "   0.0036231884057971015,\n",
       "   0.0036231884057971015],\n",
       "  [0.010822510822510822,\n",
       "   0.23593073593073594,\n",
       "   0.0021645021645021645,\n",
       "   0.006493506493506494,\n",
       "   0.015151515151515152,\n",
       "   0.18398268398268397,\n",
       "   0.3961038961038961,\n",
       "   0.05844155844155844,\n",
       "   0.015151515151515152,\n",
       "   0.07575757575757576],\n",
       "  [0.5136054421768708,\n",
       "   0.16666666666666666,\n",
       "   0.003401360544217687,\n",
       "   0.01020408163265306,\n",
       "   0.003401360544217687,\n",
       "   0.282312925170068,\n",
       "   0.003401360544217687,\n",
       "   0.003401360544217687,\n",
       "   0.003401360544217687,\n",
       "   0.01020408163265306],\n",
       "  [0.002577319587628866,\n",
       "   0.06443298969072164,\n",
       "   0.002577319587628866,\n",
       "   0.09020618556701031,\n",
       "   0.06958762886597938,\n",
       "   0.327319587628866,\n",
       "   0.002577319587628866,\n",
       "   0.2603092783505155,\n",
       "   0.028350515463917526,\n",
       "   0.15206185567010308],\n",
       "  [0.010057471264367816,\n",
       "   0.09626436781609195,\n",
       "   0.01867816091954023,\n",
       "   0.09051724137931035,\n",
       "   0.1307471264367816,\n",
       "   0.17385057471264367,\n",
       "   0.375,\n",
       "   0.004310344827586207,\n",
       "   0.04741379310344827,\n",
       "   0.05316091954022988],\n",
       "  [0.03991596638655462,\n",
       "   0.15336134453781514,\n",
       "   0.0021008403361344537,\n",
       "   0.01050420168067227,\n",
       "   0.20798319327731093,\n",
       "   0.22899159663865545,\n",
       "   0.3382352941176471,\n",
       "   0.0021008403361344537,\n",
       "   0.01050420168067227,\n",
       "   0.0063025210084033615],\n",
       "  [0.21428571428571427,\n",
       "   0.07142857142857142,\n",
       "   0.21428571428571427,\n",
       "   0.07142857142857142,\n",
       "   0.07142857142857142,\n",
       "   0.07142857142857142,\n",
       "   0.07142857142857142,\n",
       "   0.07142857142857142,\n",
       "   0.07142857142857142,\n",
       "   0.07142857142857142],\n",
       "  [0.002304147465437788,\n",
       "   0.10368663594470046,\n",
       "   0.06682027649769585,\n",
       "   0.06682027649769585,\n",
       "   0.07603686635944701,\n",
       "   0.3663594470046083,\n",
       "   0.02534562211981567,\n",
       "   0.1497695852534562,\n",
       "   0.06682027649769585,\n",
       "   0.07603686635944701],\n",
       "  [0.006666666666666667,\n",
       "   0.15333333333333332,\n",
       "   0.06,\n",
       "   0.20666666666666667,\n",
       "   0.006666666666666667,\n",
       "   0.04666666666666667,\n",
       "   0.02,\n",
       "   0.20666666666666667,\n",
       "   0.006666666666666667,\n",
       "   0.2866666666666667],\n",
       "  [0.07142857142857142,\n",
       "   0.07142857142857142,\n",
       "   0.07142857142857142,\n",
       "   0.07142857142857142,\n",
       "   0.07142857142857142,\n",
       "   0.07142857142857142,\n",
       "   0.21428571428571427,\n",
       "   0.07142857142857142,\n",
       "   0.07142857142857142,\n",
       "   0.21428571428571427],\n",
       "  [0.21428571428571427,\n",
       "   0.07142857142857142,\n",
       "   0.07142857142857142,\n",
       "   0.07142857142857142,\n",
       "   0.07142857142857142,\n",
       "   0.07142857142857142,\n",
       "   0.07142857142857142,\n",
       "   0.21428571428571427,\n",
       "   0.07142857142857142,\n",
       "   0.07142857142857142],\n",
       "  [0.006172839506172839,\n",
       "   0.018518518518518517,\n",
       "   0.030864197530864196,\n",
       "   0.3148148148148148,\n",
       "   0.10493827160493827,\n",
       "   0.25308641975308643,\n",
       "   0.05555555555555555,\n",
       "   0.006172839506172839,\n",
       "   0.16666666666666666,\n",
       "   0.043209876543209874],\n",
       "  [0.04120879120879121,\n",
       "   0.04120879120879121,\n",
       "   0.019230769230769232,\n",
       "   0.40934065934065933,\n",
       "   0.013736263736263736,\n",
       "   0.17307692307692307,\n",
       "   0.23351648351648352,\n",
       "   0.019230769230769232,\n",
       "   0.019230769230769232,\n",
       "   0.03021978021978022],\n",
       "  [0.007462686567164179,\n",
       "   0.1417910447761194,\n",
       "   0.007462686567164179,\n",
       "   0.09701492537313433,\n",
       "   0.022388059701492536,\n",
       "   0.1865671641791045,\n",
       "   0.06716417910447761,\n",
       "   0.44029850746268656,\n",
       "   0.007462686567164179,\n",
       "   0.022388059701492536],\n",
       "  [0.04198473282442748,\n",
       "   0.003816793893129771,\n",
       "   0.03435114503816794,\n",
       "   0.13358778625954199,\n",
       "   0.04961832061068702,\n",
       "   0.31679389312977096,\n",
       "   0.0648854961832061,\n",
       "   0.30916030534351147,\n",
       "   0.003816793893129771,\n",
       "   0.04198473282442748],\n",
       "  [0.0022026431718061676,\n",
       "   0.2753303964757709,\n",
       "   0.0022026431718061676,\n",
       "   0.22246696035242292,\n",
       "   0.037444933920704845,\n",
       "   0.16519823788546256,\n",
       "   0.011013215859030838,\n",
       "   0.23127753303964757,\n",
       "   0.046255506607929514,\n",
       "   0.006607929515418502],\n",
       "  [0.05508474576271186,\n",
       "   0.00423728813559322,\n",
       "   0.038135593220338986,\n",
       "   0.07203389830508475,\n",
       "   0.13983050847457626,\n",
       "   0.1059322033898305,\n",
       "   0.00423728813559322,\n",
       "   0.15677966101694915,\n",
       "   0.3771186440677966,\n",
       "   0.046610169491525424],\n",
       "  [0.11079545454545454,\n",
       "   0.036931818181818184,\n",
       "   0.11079545454545454,\n",
       "   0.45738636363636365,\n",
       "   0.002840909090909091,\n",
       "   0.26988636363636365,\n",
       "   0.002840909090909091,\n",
       "   0.002840909090909091,\n",
       "   0.002840909090909091,\n",
       "   0.002840909090909091],\n",
       "  [0.00684931506849315,\n",
       "   0.14383561643835616,\n",
       "   0.03424657534246575,\n",
       "   0.00684931506849315,\n",
       "   0.11643835616438356,\n",
       "   0.15753424657534246,\n",
       "   0.00684931506849315,\n",
       "   0.07534246575342465,\n",
       "   0.4452054794520548,\n",
       "   0.00684931506849315],\n",
       "  [0.013761467889908258,\n",
       "   0.0045871559633027525,\n",
       "   0.6284403669724771,\n",
       "   0.04128440366972477,\n",
       "   0.013761467889908258,\n",
       "   0.2706422018348624,\n",
       "   0.0045871559633027525,\n",
       "   0.013761467889908258,\n",
       "   0.0045871559633027525,\n",
       "   0.0045871559633027525],\n",
       "  [0.07142857142857142,\n",
       "   0.07142857142857142,\n",
       "   0.21428571428571427,\n",
       "   0.07142857142857142,\n",
       "   0.07142857142857142,\n",
       "   0.07142857142857142,\n",
       "   0.07142857142857142,\n",
       "   0.07142857142857142,\n",
       "   0.07142857142857142,\n",
       "   0.21428571428571427],\n",
       "  [0.3767123287671233,\n",
       "   0.02054794520547945,\n",
       "   0.07534246575342465,\n",
       "   0.06621004566210045,\n",
       "   0.23515981735159816,\n",
       "   0.20319634703196346,\n",
       "   0.00228310502283105,\n",
       "   0.00228310502283105,\n",
       "   0.01598173515981735,\n",
       "   0.00228310502283105],\n",
       "  [0.011848341232227487,\n",
       "   0.14454976303317535,\n",
       "   0.07819905213270142,\n",
       "   0.05924170616113744,\n",
       "   0.04028436018957346,\n",
       "   0.25829383886255924,\n",
       "   0.026066350710900472,\n",
       "   0.3341232227488152,\n",
       "   0.02132701421800948,\n",
       "   0.026066350710900472],\n",
       "  [0.005681818181818182,\n",
       "   0.19886363636363635,\n",
       "   0.017045454545454544,\n",
       "   0.09659090909090909,\n",
       "   0.3352272727272727,\n",
       "   0.005681818181818182,\n",
       "   0.14204545454545456,\n",
       "   0.07386363636363637,\n",
       "   0.05113636363636364,\n",
       "   0.07386363636363637],\n",
       "  [0.0022935779816513763,\n",
       "   0.006880733944954129,\n",
       "   0.09403669724770643,\n",
       "   0.14908256880733944,\n",
       "   0.21330275229357798,\n",
       "   0.1811926605504587,\n",
       "   0.08027522935779817,\n",
       "   0.15825688073394495,\n",
       "   0.06192660550458716,\n",
       "   0.052752293577981654],\n",
       "  [0.025714285714285714,\n",
       "   0.07142857142857142,\n",
       "   0.23714285714285716,\n",
       "   0.06,\n",
       "   0.002857142857142857,\n",
       "   0.3628571428571429,\n",
       "   0.025714285714285714,\n",
       "   0.09428571428571429,\n",
       "   0.02,\n",
       "   0.1],\n",
       "  [0.07142857142857142,\n",
       "   0.07142857142857142,\n",
       "   0.07142857142857142,\n",
       "   0.07142857142857142,\n",
       "   0.07142857142857142,\n",
       "   0.07142857142857142,\n",
       "   0.07142857142857142,\n",
       "   0.07142857142857142,\n",
       "   0.21428571428571427,\n",
       "   0.21428571428571427],\n",
       "  [0.16428571428571428,\n",
       "   0.03571428571428571,\n",
       "   0.007142857142857143,\n",
       "   0.05,\n",
       "   0.05,\n",
       "   0.007142857142857143,\n",
       "   0.20714285714285716,\n",
       "   0.45,\n",
       "   0.02142857142857143,\n",
       "   0.007142857142857143],\n",
       "  [0.008064516129032258,\n",
       "   0.33064516129032256,\n",
       "   0.008064516129032258,\n",
       "   0.056451612903225805,\n",
       "   0.29838709677419356,\n",
       "   0.20161290322580644,\n",
       "   0.008064516129032258,\n",
       "   0.008064516129032258,\n",
       "   0.008064516129032258,\n",
       "   0.07258064516129033],\n",
       "  [0.21428571428571427,\n",
       "   0.07142857142857142,\n",
       "   0.07142857142857142,\n",
       "   0.07142857142857142,\n",
       "   0.07142857142857142,\n",
       "   0.07142857142857142,\n",
       "   0.07142857142857142,\n",
       "   0.07142857142857142,\n",
       "   0.07142857142857142,\n",
       "   0.21428571428571427],\n",
       "  [0.08333333333333333,\n",
       "   0.3055555555555556,\n",
       "   0.027777777777777776,\n",
       "   0.01984126984126984,\n",
       "   0.07539682539682539,\n",
       "   0.2261904761904762,\n",
       "   0.15476190476190477,\n",
       "   0.09126984126984126,\n",
       "   0.011904761904761904,\n",
       "   0.003968253968253968],\n",
       "  [0.21428571428571427,\n",
       "   0.21428571428571427,\n",
       "   0.07142857142857142,\n",
       "   0.07142857142857142,\n",
       "   0.07142857142857142,\n",
       "   0.07142857142857142,\n",
       "   0.07142857142857142,\n",
       "   0.07142857142857142,\n",
       "   0.07142857142857142,\n",
       "   0.07142857142857142],\n",
       "  [0.0049504950495049506,\n",
       "   0.16336633663366337,\n",
       "   0.034653465346534656,\n",
       "   0.15346534653465346,\n",
       "   0.01485148514851485,\n",
       "   0.24257425742574257,\n",
       "   0.08415841584158416,\n",
       "   0.2524752475247525,\n",
       "   0.0049504950495049506,\n",
       "   0.04455445544554455],\n",
       "  [0.21428571428571427,\n",
       "   0.07142857142857142,\n",
       "   0.07142857142857142,\n",
       "   0.07142857142857142,\n",
       "   0.21428571428571427,\n",
       "   0.07142857142857142,\n",
       "   0.07142857142857142,\n",
       "   0.07142857142857142,\n",
       "   0.07142857142857142,\n",
       "   0.07142857142857142],\n",
       "  [0.023076923076923078,\n",
       "   0.038461538461538464,\n",
       "   0.023076923076923078,\n",
       "   0.5769230769230769,\n",
       "   0.007692307692307693,\n",
       "   0.23846153846153847,\n",
       "   0.007692307692307693,\n",
       "   0.05384615384615385,\n",
       "   0.023076923076923078,\n",
       "   0.007692307692307693],\n",
       "  [0.07142857142857142,\n",
       "   0.07142857142857142,\n",
       "   0.07142857142857142,\n",
       "   0.07142857142857142,\n",
       "   0.07142857142857142,\n",
       "   0.21428571428571427,\n",
       "   0.07142857142857142,\n",
       "   0.07142857142857142,\n",
       "   0.07142857142857142,\n",
       "   0.21428571428571427],\n",
       "  [0.008620689655172414,\n",
       "   0.0603448275862069,\n",
       "   0.02586206896551724,\n",
       "   0.02586206896551724,\n",
       "   0.02586206896551724,\n",
       "   0.04310344827586207,\n",
       "   0.5086206896551724,\n",
       "   0.02586206896551724,\n",
       "   0.04310344827586207,\n",
       "   0.23275862068965517],\n",
       "  [0.06048387096774194,\n",
       "   0.125,\n",
       "   0.028225806451612902,\n",
       "   0.13306451612903225,\n",
       "   0.004032258064516129,\n",
       "   0.24596774193548387,\n",
       "   0.020161290322580645,\n",
       "   0.012096774193548387,\n",
       "   0.05241935483870968,\n",
       "   0.3185483870967742],\n",
       "  [0.0016181229773462784,\n",
       "   0.09223300970873786,\n",
       "   0.05016181229773463,\n",
       "   0.0016181229773462784,\n",
       "   0.040453074433656956,\n",
       "   0.18932038834951456,\n",
       "   0.01779935275080906,\n",
       "   0.5679611650485437,\n",
       "   0.024271844660194174,\n",
       "   0.014563106796116505],\n",
       "  [0.07142857142857142,\n",
       "   0.07142857142857142,\n",
       "   0.07142857142857142,\n",
       "   0.21428571428571427,\n",
       "   0.07142857142857142,\n",
       "   0.07142857142857142,\n",
       "   0.07142857142857142,\n",
       "   0.07142857142857142,\n",
       "   0.07142857142857142,\n",
       "   0.21428571428571427],\n",
       "  [0.07142857142857142,\n",
       "   0.07142857142857142,\n",
       "   0.07142857142857142,\n",
       "   0.07142857142857142,\n",
       "   0.21428571428571427,\n",
       "   0.07142857142857142,\n",
       "   0.07142857142857142,\n",
       "   0.07142857142857142,\n",
       "   0.07142857142857142,\n",
       "   0.21428571428571427],\n",
       "  [0.07142857142857142,\n",
       "   0.21428571428571427,\n",
       "   0.07142857142857142,\n",
       "   0.07142857142857142,\n",
       "   0.07142857142857142,\n",
       "   0.07142857142857142,\n",
       "   0.07142857142857142,\n",
       "   0.07142857142857142,\n",
       "   0.07142857142857142,\n",
       "   0.21428571428571427],\n",
       "  [0.07142857142857142,\n",
       "   0.07142857142857142,\n",
       "   0.07142857142857142,\n",
       "   0.07142857142857142,\n",
       "   0.07142857142857142,\n",
       "   0.21428571428571427,\n",
       "   0.07142857142857142,\n",
       "   0.07142857142857142,\n",
       "   0.07142857142857142,\n",
       "   0.21428571428571427],\n",
       "  [0.04495912806539509,\n",
       "   0.2356948228882834,\n",
       "   0.3528610354223433,\n",
       "   0.09128065395095368,\n",
       "   0.01226158038147139,\n",
       "   0.1893732970027248,\n",
       "   0.004087193460490463,\n",
       "   0.039509536784741145,\n",
       "   0.01226158038147139,\n",
       "   0.017711171662125342],\n",
       "  [0.07142857142857142,\n",
       "   0.07142857142857142,\n",
       "   0.21428571428571427,\n",
       "   0.07142857142857142,\n",
       "   0.07142857142857142,\n",
       "   0.07142857142857142,\n",
       "   0.07142857142857142,\n",
       "   0.07142857142857142,\n",
       "   0.07142857142857142,\n",
       "   0.21428571428571427],\n",
       "  [0.07142857142857142,\n",
       "   0.07142857142857142,\n",
       "   0.07142857142857142,\n",
       "   0.07142857142857142,\n",
       "   0.21428571428571427,\n",
       "   0.07142857142857142,\n",
       "   0.07142857142857142,\n",
       "   0.07142857142857142,\n",
       "   0.07142857142857142,\n",
       "   0.21428571428571427],\n",
       "  [0.017195767195767195,\n",
       "   0.01984126984126984,\n",
       "   0.062169312169312166,\n",
       "   0.05952380952380952,\n",
       "   0.05423280423280423,\n",
       "   0.3134920634920635,\n",
       "   0.017195767195767195,\n",
       "   0.3955026455026455,\n",
       "   0.02513227513227513,\n",
       "   0.03571428571428571],\n",
       "  [0.08870967741935484,\n",
       "   0.13709677419354838,\n",
       "   0.008064516129032258,\n",
       "   0.024193548387096774,\n",
       "   0.18548387096774194,\n",
       "   0.4112903225806452,\n",
       "   0.024193548387096774,\n",
       "   0.024193548387096774,\n",
       "   0.07258064516129033,\n",
       "   0.024193548387096774],\n",
       "  [0.009146341463414634,\n",
       "   0.09451219512195122,\n",
       "   0.2774390243902439,\n",
       "   0.03353658536585366,\n",
       "   0.051829268292682924,\n",
       "   0.22865853658536586,\n",
       "   0.003048780487804878,\n",
