0	0	0.07465277777777778	0.012152777777777778	0.10069444444444443	0.001736111111111111	0.3090277777777778	0.06423611111111112	0.04861111111111111	0.001736111111111111	0.10590277777777778	0.23611111111111113	0.006944444444444444	0.001736111111111111	0.03298611111111111	0.001736111111111111	0.001736111111111111
1	1	0.08915906788247213	0.05268490374873353	0.06180344478216818	0.0010131712259371832	0.004052684903748733	0.037487335359675786	0.0010131712259371832	0.040526849037487336	0.0010131712259371832	0.17426545086119555	0.1529888551165147	0.0010131712259371832	0.013171225937183383	0.05876393110435663	0.3110435663627153
2	2	0.05031446540880503	0.05031446540880503	0.06918238993710692	0.003144654088050314	0.003144654088050314	0.27672955974842767	0.003144654088050314	0.003144654088050314	0.11635220125786164	0.11635220125786164	0.003144654088050314	0.031446540880503145	0.003144654088050314	0.2672955974842767	0.003144654088050314
3	3	0.012919896640826874	0.02842377260981912	0.0012919896640826872	0.005167958656330749	0.28036175710594313	0.005167958656330749	0.19896640826873385	0.024547803617571057	0.005167958656330749	0.20671834625323	0.0012919896640826872	0.0012919896640826872	0.1214470284237726	0.0516795865633075	0.05555555555555556
4	4	0.13123359580052493	0.04461942257217848	0.06430446194225721	0.009186351706036745	0.10367454068241469	0.02099737532808399	0.02099737532808399	0.04461942257217848	0.005249343832020997	0.17060367454068243	0.01706036745406824	0.0013123359580052493	0.1942257217847769	0.17060367454068243	0.0013123359580052493
5	5	0.047619047619047616	0.047619047619047616	0.047619047619047616	0.047619047619047616	0.047619047619047616	0.047619047619047616	0.047619047619047616	0.047619047619047616	0.047619047619047616	0.047619047619047616	0.047619047619047616	0.047619047619047616	0.19047619047619047	0.19047619047619047	0.047619047619047616
6	6	0.09972677595628415	0.001366120218579235	0.001366120218579235	0.009562841530054645	0.001366120218579235	0.04234972677595629	0.00546448087431694	0.12431693989071038	0.050546448087431695	0.050546448087431695	0.27185792349726773	0.001366120218579235	0.001366120218579235	0.3292349726775956	0.009562841530054645
7	7	0.005148005148005148	0.21750321750321752	0.12483912483912485	0.001287001287001287	0.028314028314028312	0.1402831402831403	0.005148005148005148	0.009009009009009009	0.06692406692406692	0.23680823680823682	0.001287001287001287	0.039897039897039896	0.012870012870012871	0.1093951093951094	0.001287001287001287
8	8	0.028314028314028312	0.028314028314028312	0.012870012870012871	0.005148005148005148	0.0785070785070785	0.08236808236808237	0.02059202059202059	0.012870012870012871	0.24453024453024455	0.028314028314028312	0.012870012870012871	0.08236808236808237	0.16344916344916346	0.06306306306306306	0.13642213642213644
9	9	0.11294765840220385	0.009641873278236915	0.013774104683195593	0.001377410468319559	0.001377410468319559	0.19559228650137742	0.05509641873278237	0.24931129476584024	0.09641873278236913	0.1831955922865014	0.07575757575757575	0.001377410468319559	0.001377410468319559	0.001377410468319559	0.001377410468319559
10	10	0.0463768115942029	0.24637681159420288	0.1507246376811594	0.011594202898550725	0.002898550724637681	0.011594202898550725	0.028985507246376812	0.05507246376811594	0.02028985507246377	0.23768115942028983	0.10724637681159421	0.002898550724637681	0.06376811594202898	0.002898550724637681	0.011594202898550725
11	11	0.05855855855855856	0.0045045045045045045	0.0045045045045045045	0.0045045045045045045	0.0045045045045045045	0.12612612612612614	0.018018018018018018	0.27477477477477474	0.0045045045045045045	0.12612612612612614	0.07207207207207207	0.018018018018018018	0.0045045045045045045	0.0045045045045045045	0.27477477477477474
12	12	0.14724919093851133	0.19093851132686085	0.19093851132686085	0.0016181229773462782	0.0016181229773462782	0.18122977346278318	0.016181229773462785	0.0016181229773462782	0.04045307443365696	0.011326860841423949	0.0016181229773462782	0.0016181229773462782	0.03559870550161812	0.17637540453074435	0.0016181229773462782
13	13	0.004179728317659352	0.11389759665621735	0.019853709508881923	0.001044932079414838	0.001044932079414838	0.1233019853709509	0.001044932079414838	0.019853709508881923	0.0825496342737722	0.27377220480668757	0.04493207941483804	0.05120167189132706	0.001044932079414838	0.24869383490073144	0.013584117032392894
14	14	0.09722222222222222	0.003472222222222222	0.003472222222222222	0.003472222222222222	0.034722222222222224	0.003472222222222222	0.3576388888888889	0.034722222222222224	0.013888888888888888	0.06597222222222222	0.08680555555555557	0.013888888888888888	0.024305555555555556	0.003472222222222222	0.2534722222222222
15	15	0.029143897996357013	0.10564663023679416	0.10018214936247723	0.07285974499089254	0.02367941712204007	0.1657559198542805	0.0018214936247723133	0.03460837887067395	0.012750455373406194	0.2586520947176685	0.1657559198542805	0.018214936247723135	0.007285974499089253	0.0018214936247723133	0.0018214936247723133
16	16	0.0592948717948718	0.00641025641025641	0.0016025641025641025	0.0592948717948718	0.0016025641025641025	0.0016025641025641025	0.00641025641025641	0.3958333333333333	0.08814102564102563	0.04487179487179487	0.2275641025641026	0.08814102564102563	0.00641025641025641	0.00641025641025641	0.00641025641025641
17	17	0.1391941391941392	0.07326007326007326	0.1282051282051282	0.007326007326007326	0.2765567765567766	0.2326007326007326	0.012820512820512822	0.0018315018315018315	0.007326007326007326	0.08424908424908426	0.0018315018315018315	0.0018315018315018315	0.007326007326007326	0.0018315018315018315	0.023809523809523808
18	18	0.001736111111111111	0.03819444444444444	0.15277777777777776	0.022569444444444444	0.022569444444444444	0.1111111111111111	0.08506944444444443	0.001736111111111111	0.006944444444444444	0.3246527777777778	0.006944444444444444	0.04861111111111111	0.12152777777777778	0.006944444444444444	0.04861111111111111
19	19	0.010654490106544902	0.0197869101978691	0.015220700152207002	0.0015220700152207	0.0015220700152207	0.1385083713850837	0.0197869101978691	0.0015220700152207	0.03805175038051751	0.1248097412480974	0.0837138508371385	0.3987823439878234	0.0015220700152207	0.0289193302891933	0.1156773211567732
20	20	0.19047619047619047	0.047619047619047616	0.047619047619047616	0.047619047619047616	0.047619047619047616	0.047619047619047616	0.047619047619047616	0.047619047619047616	0.047619047619047616	0.047619047619047616	0.047619047619047616	0.047619047619047616	0.19047619047619047	0.047619047619047616	0.047619047619047616
21	21	0.010718113612004287	0.07502679528403	0.0010718113612004287	0.007502679528403002	0.010718113612004287	0.11039657020364417	0.007502679528403002	0.5284030010718114	0.11039657020364417	0.12004287245444803	0.0010718113612004287	0.0010718113612004287	0.0010718113612004287	0.0010718113612004287	0.013933547695605572
22	22	0.0017094017094017094	0.04786324786324787	0.042735042735042736	0.006837606837606838	0.0017094017094017094	0.02222222222222222	0.0735042735042735	0.0017094017094017094	0.37606837606837606	0.26324786324786326	0.017094017094017096	0.006837606837606838	0.032478632478632474	0.10427350427350426	0.0017094017094017094
23	23	0.10387596899224806	0.3131782945736434	0.03875968992248062	0.0015503875968992248	0.010852713178294573	0.01550387596899225	0.0015503875968992248	0.043410852713178294	0.07131782945736434	0.07131782945736434	0.11317829457364341	0.0015503875968992248	0.020155038759689922	0.08527131782945736	0.10852713178294573
24	24	0.005376344086021505	0.005376344086021505	0.1424731182795699	0.013440860215053764	0.0013440860215053762	0.13844086021505378	0.005376344086021505	0.053763440860215055	0.06182795698924731	0.07795698924731183	0.13844086021505378	0.11827956989247311	0.02150537634408602	0.16263440860215056	0.053763440860215055
25	25	0.08715336728919072	0.041312959818902095	0.04640633842671194	0.020939445387662705	0.245048104131296	0.1041312959818902	0.12790039615166948	0.00905489530277306	0.06508205998868138	0.1414827391058291	0.09564233163554046	0.01075268817204301	5.659309564233163E-4	5.659309564233163E-4	0.003961516694963215
26	26	0.23958333333333334	0.008333333333333333	0.04583333333333333	0.06458333333333334	0.03333333333333333	0.014583333333333334	0.10833333333333332	0.09583333333333334	0.0020833333333333333	0.014583333333333334	0.13958333333333334	0.052083333333333336	0.008333333333333333	0.16458333333333333	0.008333333333333333
27	27	0.0847953216374269	0.15058479532163743	0.0847953216374269	0.15935672514619884	0.0014619883040935672	0.15935672514619884	0.04093567251461989	0.027777777777777776	0.014619883040935673	0.07602339181286549	0.0014619883040935672	0.07163742690058479	0.0014619883040935672	0.12426900584795321	0.0014619883040935672
28	28	0.047619047619047616	0.047619047619047616	0.047619047619047616	0.047619047619047616	0.047619047619047616	0.047619047619047616	0.047619047619047616	0.047619047619047616	0.047619047619047616	0.19047619047619047	0.047619047619047616	0.19047619047619047	0.047619047619047616	0.047619047619047616	0.047619047619047616
29	29	0.002506265664160401	0.002506265664160401	0.4235588972431078	0.01754385964912281	0.07017543859649124	0.002506265664160401	0.002506265664160401	0.025062656641604012	0.002506265664160401	0.16791979949874686	0.13032581453634084	0.002506265664160401	0.002506265664160401	0.13032581453634084	0.01754385964912281
30	30	0.003003003003003003	0.3453453453453454	0.003003003003003003	0.003003003003003003	0.003003003003003003	0.18318318318318316	0.003003003003003003	0.1021021021021021	0.04804804804804805	0.16516516516516516	0.1021021021021021	0.012012012012012012	0.012012012012012012	0.012012012012012012	0.003003003003003003
31	31	0.1045510455104551	0.01968019680196802	0.07872078720787208	0.004920049200492005	0.0012300123001230013	0.13038130381303814	0.00861008610086101	0.13407134071340715	0.08979089790897908	0.023370233702337023	0.027060270602706025	0.0012300123001230013	0.030750307503075034	0.34071340713407133	0.004920049200492005
32	32	0.047619047619047616	0.047619047619047616	0.047619047619047616	0.047619047619047616	0.047619047619047616	0.047619047619047616	0.047619047619047616	0.047619047619047616	0.047619047619047616	0.047619047619047616	0.047619047619047616	0.047619047619047616	0.19047619047619047	0.047619047619047616	0.19047619047619047
33	33	8.960573476702509E-4	0.008960573476702509	0.14874551971326166	0.008960573476702509	0.28046594982078854	0.16218637992831542	0.1003584229390681	8.960573476702509E-4	0.035842293906810034	0.11111111111111112	0.04659498207885304	0.06541218637992831	0.022401433691756276	0.0062724014336917565	8.960573476702509E-4
34	34	0.1328502415458937	0.17632850241545892	0.03864734299516908	0.00966183574879227	0.060386473429951695	0.1400966183574879	0.0024154589371980675	0.024154589371980676	0.00966183574879227	0.0024154589371980675	0.20531400966183574	0.0024154589371980675	0.0024154589371980675	0.19082125603864733	0.0024154589371980675
35	35	0.047619047619047616	0.047619047619047616	0.19047619047619047	0.047619047619047616	0.047619047619047616	0.047619047619047616	0.047619047619047616	0.047619047619047616	0.047619047619047616	0.047619047619047616	0.047619047619047616	0.047619047619047616	0.19047619047619047	0.047619047619047616	0.047619047619047616
36	36	0.10574712643678161	0.009195402298850575	0.05057471264367816	0.1471264367816092	0.0022988505747126436	0.14022988505747125	0.0022988505747126436	0.0022988505747126436	0.09195402298850575	0.11264367816091954	0.05057471264367816	0.0022988505747126436	0.0022988505747126436	0.18160919540229883	0.09885057471264368
37	37	0.192090395480226	0.03954802259887006	0.014124293785310734	0.04378531073446328	0.0014124293785310734	0.026836158192090395	0.03531073446327684	0.230225988700565	0.06497175141242938	0.23870056497175143	0.10310734463276836	0.005649717514124294	0.0014124293785310734	0.0014124293785310734	0.0014124293785310734
38	38	0.047619047619047616	0.047619047619047616	0.047619047619047616	0.047619047619047616	0.047619047619047616	0.047619047619047616	0.047619047619047616	0.047619047619047616	0.047619047619047616	0.047619047619047616	0.047619047619047616	0.047619047619047616	0.19047619047619047	0.047619047619047616	0.19047619047619047
39	39	0.047619047619047616	0.047619047619047616	0.047619047619047616	0.19047619047619047	0.047619047619047616	0.047619047619047616	0.047619047619047616	0.047619047619047616	0.047619047619047616	0.047619047619047616	0.047619047619047616	0.047619047619047616	0.19047619047619047	0.047619047619047616	0.047619047619047616
40	40	0.047619047619047616	0.047619047619047616	0.047619047619047616	0.047619047619047616	0.047619047619047616	0.047619047619047616	0.047619047619047616	0.047619047619047616	0.047619047619047616	0.047619047619047616	0.047619047619047616	0.19047619047619047	0.19047619047619047	0.047619047619047616	0.047619047619047616
41	41	0.0768012668250198	0.041171813143309574	0.09580364212193192	0.0055423594615993665	0.2977038796516231	0.15281076801266824	0.08630245447347586	7.91765637371338E-4	0.04829770387965162	0.1290577988915281	7.91765637371338E-4	0.0055423594615993665	0.010292953285827394	0.012668250197941409	0.03642121931908155
42	42	0.02627939142461964	0.1756569847856155	0.15491009681881052	0.02627939142461964	0.0013831258644536651	0.21715076071922546	0.05947441217150761	0.08022130013831258	0.0013831258644536651	0.1798063623789765	0.009681881051175657	0.0013831258644536651	0.013831258644536654	0.05117565698478562	0.0013831258644536651
43	43	0.003003003003003003	0.012012012012012012	0.12912912912912913	0.35435435435435436	0.003003003003003003	0.23723723723723722	0.003003003003003003	0.003003003003003003	0.021021021021021023	0.14714714714714713	0.003003003003003003	0.003003003003003003	0.021021021021021023	0.012012012012012012	0.04804804804804805
44	44	0.05747126436781609	0.28160919540229884	0.005747126436781609	0.005747126436781609	0.022988505747126436	0.19540229885057472	0.005747126436781609	0.005747126436781609	0.14367816091954025	0.19540229885057472	0.005747126436781609	0.022988505747126436	0.005747126436781609	0.022988505747126436	0.022988505747126436
45	45	0.0013717421124828531	0.26474622770919065	0.11659807956104253	0.0013717421124828531	0.01783264746227709	0.042524005486968455	0.03017832647462277	0.01783264746227709	0.009602194787379973	0.17009602194787382	0.2688614540466392	0.0054869684499314125	0.0054869684499314125	0.04663923182441701	0.0013717421124828531
46	46	0.005772005772005772	0.14862914862914864	0.14862914862914864	0.001443001443001443	0.19191919191919193	0.0707070707070707	0.03607503607503608	0.001443001443001443	0.001443001443001443	0.20923520923520925	0.005772005772005772	0.005772005772005772	0.005772005772005772	0.11832611832611832	0.049062049062049064
47	47	0.11612021857923496	0.03415300546448088	0.001366120218579235	0.2103825136612022	0.00546448087431694	0.1325136612021858	0.09972677595628415	0.09153005464480873	0.001366120218579235	0.1366120218579235	0.001366120218579235	0.03415300546448088	0.00546448087431694	0.001366120218579235	0.1284153005464481
48	48	0.05707762557077626	0.05707762557077626	0.00228310502283105	0.00228310502283105	0.00228310502283105	0.16666666666666666	0.00228310502283105	0.02968036529680365	0.31050228310502287	0.18036529680365296	0.00228310502283105	0.04337899543378995	0.00228310502283105	0.00228310502283105	0.13926940639269406
49	49	0.02192982456140351	0.04824561403508772	0.10745614035087718	0.02192982456140351	0.36403508771929827	0.1995614035087719	0.0021929824561403508	0.041666666666666664	0.04824561403508772	0.0021929824561403508	0.04824561403508772	0.07456140350877194	0.008771929824561403	0.0021929824561403508	0.008771929824561403
50	50	0.006230529595015576	0.11838006230529595	0.28660436137071654	0.001557632398753894	0.001557632398753894	0.020249221183800622	0.029595015576323987	0.052959501557632405	0.08099688473520249	0.001557632398753894	0.09034267912772585	0.020249221183800622	0.006230529595015576	0.2725856697819315	0.01090342679127726
51	51	0.014245014245014245	0.10826210826210826	0.1680911680911681	0.0014245014245014244	0.009971509971509971	0.02279202279202279	0.02279202279202279	0.0014245014245014244	0.0014245014245014244	0.150997150997151	0.36467236467236464	0.0014245014245014244	0.04843304843304844	0.07834757834757834	0.005698005698005697
52	52	0.07558859975216851	0.29120198265179675	0.07187112763320941	0.0012391573729863693	0.008674101610904586	0.0012391573729863693	0.0012391573729863693	0.0012391573729863693	0.07558859975216851	0.2019826517967782	0.042131350681536554	0.09789343246592316	0.012391573729863693	0.05700123915737299	0.06071871127633209
53	53	0.30409356725146197	0.04093567251461989	0.058479532163742694	0.005847953216374269	0.005847953216374269	0.07602339181286549	0.04093567251461989	0.058479532163742694	0.005847953216374269	0.18128654970760236	0.005847953216374269	0.005847953216374269	0.005847953216374269	0.16374269005847955	0.04093567251461989
54	54	0.12794612794612795	0.0016835016835016834	0.0016835016835016834	0.0016835016835016834	0.006734006734006734	0.0016835016835016834	0.0016835016835016834	0.18855218855218855	0.006734006734006734	0.2138047138047138	0.0016835016835016834	0.021885521885521883	0.006734006734006734	0.10774410774410774	0.3097643097643098
55	55	0.09307359307359307	0.047619047619047616	0.008658008658008658	0.047619047619047616	0.028138528138528136	0.11904761904761904	0.09956709956709957	0.028138528138528136	0.0800865800865801	0.20995670995670998	0.158008658008658	0.008658008658008658	0.0021645021645021645	0.04112554112554112	0.028138528138528136
56	56	0.06666666666666667	0.2218390804597701	0.10114942528735632	0.0011494252873563218	0.08390804597701149	0.135632183908046	0.03218390804597701	0.008045977011494253	0.03218390804597701	0.01839080459770115	0.0632183908045977	0.014942528735632184	0.02873563218390805	0.19080459770114944	0.0011494252873563218
57	57	0.0021786492374727667	0.13943355119825707	0.0021786492374727667	0.015250544662309368	0.0021786492374727667	0.14596949891067537	0.0021786492374727667	0.0021786492374727667	0.08714596949891068	0.2113289760348584	0.054466230936819175	0.2505446623093682	0.0021786492374727667	0.08061002178649238	0.0021786492374727667
58	58	0.444991789819376	0.026272577996715927	0.08045977011494253	0.01149425287356322	0.01149425287356322	0.08538587848932676	0.006568144499178982	0.006568144499178982	0.006568144499178982	0.05090311986863711	0.11001642036124794	0.02134646962233169	0.0016420361247947454	0.11001642036124794	0.026272577996715927
59	59	0.16996699669966997	0.05610561056105611	0.00165016501650165	0.06600660066006601	0.016501650165016504	0.02145214521452145	0.04620462046204621	0.1056105610561056	0.06105610561056106	0.22937293729372937	0.00165016501650165	0.05115511551155116	0.00165016501650165	0.16501650165016502	0.0066006600660066
60	60	0.004166666666666667	0.13541666666666669	0.0010416666666666667	0.029166666666666667	0.026041666666666668	0.15104166666666669	0.0010416666666666667	0.007291666666666667	0.36979166666666663	0.0010416666666666667	0.019791666666666666	0.029166666666666667	0.11041666666666668	0.11354166666666668	0.0010416666666666667
61	61	0.047619047619047616	0.047619047619047616	0.047619047619047616	0.19047619047619047	0.047619047619047616	0.047619047619047616	0.047619047619047616	0.047619047619047616	0.047619047619047616	0.047619047619047616	0.047619047619047616	0.047619047619047616	0.19047619047619047	0.047619047619047616	0.047619047619047616
62	62	0.2627450980392157	0.13333333333333333	0.00392156862745098	0.00392156862745098	0.00392156862745098	0.00392156862745098	0.00392156862745098	0.00392156862745098	0.00392156862745098	0.2392156862745098	0.00392156862745098	0.19215686274509802	0.01568627450980392	0.06274509803921569	0.06274509803921569
63	63	0.19047619047619047	0.19047619047619047	0.047619047619047616	0.047619047619047616	0.047619047619047616	0.047619047619047616	0.047619047619047616	0.047619047619047616	0.047619047619047616	0.047619047619047616	0.047619047619047616	0.047619047619047616	0.047619047619047616	0.047619047619047616	0.047619047619047616
64	64	0.03809523809523809	0.03095238095238095	0.05238095238095238	0.009523809523809523	0.0023809523809523807	0.03095238095238095	0.0023809523809523807	0.05238095238095238	0.009523809523809523	0.3166666666666667	0.03095238095238095	0.05952380952380953	0.009523809523809523	0.25952380952380955	0.09523809523809525
65	65	0.09523809523809523	0.0018315018315018315	0.19963369963369965	0.012820512820512822	0.0018315018315018315	0.0018315018315018315	0.336996336996337	0.0018315018315018315	0.018315018315018316	0.0018315018315018315	0.11721611721611722	0.07875457875457875	0.0018315018315018315	0.1282051282051282	0.0018315018315018315
66	66	0.10661268556005397	0.07422402159244264	0.02564102564102564	0.14304993252361675	0.021592442645074223	0.005398110661268556	0.0904183535762483	0.001349527665317139	0.04183535762483131	0.2280701754385965	0.005398110661268556	0.009446693657219974	0.001349527665317139	0.12685560053981107	0.11875843454790823
67	67	0.1638418079096045	0.002824858757062147	0.011299435028248588	0.002824858757062147	0.096045197740113	0.002824858757062147	0.002824858757062147	0.3587570621468927	0.002824858757062147	0.2655367231638418	0.05367231638418079	0.011299435028248588	0.002824858757062147	0.01977401129943503	0.002824858757062147
68	68	0.01631701631701632	0.023310023310023312	0.009324009324009324	0.002331002331002331	0.17715617715617715	0.30303030303030304	0.17016317016317015	0.0303030303030303	0.0303030303030303	0.009324009324009324	0.002331002331002331	0.009324009324009324	0.05827505827505828	0.1282051282051282	0.0303030303030303
69	69	0.1872852233676976	0.001718213058419244	0.10996563573883161	0.012027491408934709	0.2646048109965636	0.01718213058419244	0.06357388316151202	0.001718213058419244	0.006872852233676976	0.29553264604810997	0.006872852233676976	0.012027491408934709	0.001718213058419244	0.01718213058419244	0.001718213058419244
70	70	0.05555555555555556	0.09722222222222221	0.007936507936507936	0.031746031746031744	0.007936507936507936	0.019841269841269844	0.001984126984126984	0.2043650793650794	0.19841269841269843	0.1746031746031746	0.11507936507936507	0.001984126984126984	0.031746031746031744	0.007936507936507936	0.04365079365079365
71	71	0.0019267822736030828	0.01926782273603083	0.07129094412331406	0.0019267822736030828	0.1001926782273603	0.036608863198458574	0.036608863198458574	0.025048169556840076	0.1579961464354528	0.15221579961464354	0.04816955684007707	0.0019267822736030828	0.2042389210019268	0.11753371868978804	0.025048169556840076
72	72	0.08540630182421227	0.08043117744610283	0.11276948590381426	0.030679933665008294	0.05804311774461028	0.26451077943615253	0.008291873963515755	0.053067993366500824	0.008291873963515755	0.09784411276948592	0.13764510779436154	0.005804311774461029	0.03565505804311775	0.02072968490878939	8.291873963515754E-4
73	73	0.04444444444444444	0.11111111111111112	0.1611111111111111	0.0027777777777777775	0.24444444444444444	0.04444444444444444	0.04444444444444444	0.019444444444444445	0.02777777777777778	0.01111111111111111	0.0027777777777777775	0.0027777777777777775	0.0027777777777777775	0.14444444444444443	0.1361111111111111
74	74	0.039897039897039896	0.001287001287001287	0.001287001287001287	0.001287001287001287	0.001287001287001287	0.10553410553410553	0.44916344916344914	0.001287001287001287	0.005148005148005148	0.001287001287001287	0.001287001287001287	0.22136422136422138	0.009009009009009009	0.13256113256113258	0.028314028314028312
75	75	0.1303030303030303	0.16666666666666666	0.0030303030303030303	0.012121212121212121	0.0030303030303030303	0.08484848484848485	0.021212121212121213	0.2303030303030303	0.030303030303030304	0.11212121212121212	0.16666666666666666	0.021212121212121213	0.012121212121212121	0.0030303030303030303	0.0030303030303030303
76	76	0.002398081534772182	0.08872901678657075	0.045563549160671464	0.002398081534772182	0.002398081534772182	0.15347721822541965	0.002398081534772182	0.023980815347721823	0.2685851318944844	0.07434052757793766	0.031175059952038366	0.002398081534772182	0.002398081534772182	0.023980815347721823	0.27577937649880097
77	77	0.0033003300330033	0.0429042904290429	0.28052805280528054	0.0033003300330033	0.0033003300330033	0.0033003300330033	0.1716171617161716	0.0033003300330033	0.0033003300330033	0.0033003300330033	0.15181518151815182	0.0033003300330033	0.0429042904290429	0.28052805280528054	0.0033003300330033
78	78	0.1942528735632184	0.014942528735632184	0.1632183908045977	0.004597701149425287	0.0011494252873563218	0.03908045977011494	0.12873563218390804	0.08045977011494253	0.0011494252873563218	0.10459770114942528	0.0011494252873563218	0.0011494252873563218	0.02528735632183908	0.20114942528735633	0.03908045977011494
79	79	0.047619047619047616	0.047619047619047616	0.047619047619047616	0.19047619047619047	0.047619047619047616	0.047619047619047616	0.047619047619047616	0.047619047619047616	0.19047619047619047	0.047619047619047616	0.047619047619047616	0.047619047619047616	0.047619047619047616	0.047619047619047616	0.047619047619047616
80	80	0.10220673635307781	0.0429732868757259	0.0011614401858304297	0.004645760743321719	0.18583042973286876	0.22067363530778167	0.029036004645760744	0.0743321718931475	0.09523809523809523	0.22415795586527293	0.011614401858304297	0.0011614401858304297	0.0011614401858304297	0.004645760743321719	0.0011614401858304297
81	81	0.012681159420289856	0.03985507246376811	0.24094202898550726	0.012681159420289856	0.018115942028985508	0.0018115942028985505	0.012681159420289856	0.0018115942028985505	0.04528985507246377	0.0018115942028985505	0.10507246376811594	0.0018115942028985505	0.0018115942028985505	0.4746376811594203	0.02898550724637681
82	82	0.04741980474198048	0.03486750348675035	0.005578800557880056	0.001394700139470014	0.005578800557880056	0.06834030683403068	0.001394700139470014	0.001394700139470014	0.09344490934449093	0.24407252440725244	0.043235704323570434	0.29428172942817293	0.001394700139470014	0.1311018131101813	0.026499302649930265
83	83	0.047619047619047616	0.047619047619047616	0.047619047619047616	0.047619047619047616	0.19047619047619047	0.047619047619047616	0.047619047619047616	0.19047619047619047	0.047619047619047616	0.047619047619047616	0.047619047619047616	0.047619047619047616	0.047619047619047616	0.047619047619047616	0.047619047619047616
84	84	0.0321285140562249	0.05020080321285141	0.24297188755020083	0.002008032128514056	0.020080321285140562	0.008032128514056224	0.0321285140562249	0.29718875502008035	0.0321285140562249	0.08634538152610442	0.038152610441767064	0.008032128514056224	0.002008032128514056	0.13453815261044175	0.014056224899598395
85	85	0.1020671834625323	0.07881136950904392	0.17958656330749356	0.0012919896640826872	0.005167958656330749	0.1330749354005168	0.0012919896640826872	0.0012919896640826872	0.012919896640826874	0.19121447028423774	0.11369509043927647	0.0012919896640826872	0.0012919896640826872	0.16795865633074936	0.009043927648578812
86	86	0.0014064697609001407	0.06469760900140648	0.17862165963431786	0.090014064697609	0.014064697609001408	0.1322081575246132	0.18706047819971872	0.11954992967651196	0.01828410689170183	0.12798874824191278	0.009845288326300985	0.0014064697609001407	0.005625879043600563	0.03516174402250352	0.014064697609001408
87	87	7.342143906020558E-4	0.11086637298091043	0.1527165932452276	0.011747430249632892	0.002936857562408223	0.053597650513950074	0.011747430249632892	7.342143906020558E-4	0.07121879588839941	0.10425844346549193	0.36196769456681355	0.0315712187958884	0.0381791483113069	0.042584434654919234	0.005139500734214391
88	88	0.054824561403508776	0.0021929824561403508	0.054824561403508776	0.17982456140350878	0.008771929824561403	0.09429824561403509	0.015350877192982457	0.0021929824561403508	0.041666666666666664	0.26535087719298245	0.0021929824561403508	0.015350877192982457	0.15350877192982457	0.054824561403508776	0.054824561403508776
89	89	0.0019047619047619048	0.0019047619047619048	0.030476190476190476	0.0019047619047619048	0.0019047619047619048	0.47619047619047616	0.0019047619047619048	0.0019047619047619048	0.0019047619047619048	0.08761904761904762	0.04761904761904762	0.0019047619047619048	0.007619047619047619	0.3219047619047619	0.013333333333333334
90	90	0.0017543859649122805	0.1912280701754386	0.15964912280701754	0.012280701754385965	0.007017543859649122	0.054385964912280704	0.08070175438596491	0.0017543859649122805	0.0649122807017544	0.19649122807017544	0.12280701754385964	0.007017543859649122	0.05964912280701755	0.01754385964912281	0.022807017543859647
91	91	0.08888888888888888	0.0013888888888888887	0.030555555555555555	0.0013888888888888887	0.07638888888888888	0.009722222222222222	0.3722222222222222	0.005555555555555555	0.02222222222222222	0.034722222222222224	0.04722222222222223	0.0638888888888889	0.08888888888888888	0.06805555555555555	0.08888888888888888
92	92	0.002564102564102564	0.002564102564102564	0.1564102564102564	0.002564102564102564	0.3871794871794872	0.002564102564102564	0.002564102564102564	0.002564102564102564	0.06410256410256411	0.04871794871794872	0.025641025641025644	0.002564102564102564	0.0794871794871795	0.21794871794871795	0.002564102564102564
93	93	0.02140672782874618	0.0030581039755351682	0.29663608562691135	0.0672782874617737	0.0030581039755351682	0.0030581039755351682	0.0030581039755351682	0.0030581039755351682	0.039755351681957186	0.21406727828746178	0.0672782874617737	0.0030581039755351682	0.04892966360856269	0.18654434250764526	0.039755351681957186
94	94	0.004016064257028112	0.13654618473895583	0.01606425702811245	0.02811244979919679	0.004016064257028112	0.2570281124497992	0.004016064257028112	0.01606425702811245	0.14859437751004018	0.20883534136546184	0.004016064257028112	0.004016064257028112	0.040160642570281124	0.11244979919678716	0.01606425702811245
95	95	0.037296037296037296	0.351981351981352	0.06526806526806528	0.01631701631701632	0.01631701631701632	0.002331002331002331	0.07226107226107227	0.05827505827505828	0.002331002331002331	0.1351981351981352	0.08624708624708625	0.002331002331002331	0.023310023310023312	0.1212121212121212	0.009324009324009324
96	96	6.049606775559588E-4	0.12220205686630368	0.00967937084089534	0.03145795523290986	6.049606775559588E-4	0.1675741076830006	6.049606775559588E-4	0.08590441621294616	0.06049606775559589	0.14761040532365396	0.1276467029643073	0.013309134906231094	0.004234724742891712	0.20750151240169387	0.020568663036902603
97	97	0.0013020833333333333	0.0013020833333333333	0.17708333333333334	0.032552083333333336	0.009114583333333334	0.040364583333333336	0.0013020833333333333	0.048177083333333336	0.044270833333333336	0.13020833333333334	0.13411458333333334	0.028645833333333332	0.20052083333333334	0.14973958333333334	0.0013020833333333333
98	98	0.007889546351084813	0.013806706114398423	0.10848126232741617	0.02564102564102564	0.01972386587771203	0.02564102564102564	0.0019723865877712033	0.07889546351084813	0.01972386587771203	0.22090729783037477	0.11439842209072977	0.013806706114398423	0.17357001972386588	0.16765285996055226	0.007889546351084813
99	99	0.17440225035161744	0.0014064697609001407	0.030942334739803092	0.2714486638537271	0.0014064697609001407	0.02250351617440225	0.43178621659634314	0.0014064697609001407	0.0014064697609001407	0.009845288326300985	0.005625879043600563	0.009845288326300985	0.03516174402250352	0.0014064697609001407	0.0014064697609001407
100	100	0.154320987654321	0.0154320987654321	0.18209876543209877	0.01080246913580247	0.0617283950617284	0.3487654320987654	0.0015432098765432098	0.0015432098765432098	0.006172839506172839	0.07561728395061727	0.12654320987654322	0.01080246913580247	0.0015432098765432098	0.0015432098765432098	0.0015432098765432098
101	101	0.2350877192982456	0.003508771929824561	0.15087719298245614	0.003508771929824561	0.014035087719298244	0.06666666666666667	0.02456140350877193	0.03508771929824562	0.09824561403508772	0.003508771929824561	0.02456140350877193	0.03508771929824562	0.02456140350877193	0.24561403508771928	0.03508771929824562
102	102	0.0303030303030303	0.13556618819776714	0.09250398724082934	0.006379585326953748	0.011164274322169059	0.0733652312599681	0.011164274322169059	0.0733652312599681	0.16427432216905902	0.059011164274322174	0.11164274322169059	0.16427432216905902	0.001594896331738437	0.006379585326953748	0.059011164274322174
103	103	0.2231638418079096	0.002824858757062147	0.002824858757062147	0.002824858757062147	0.011299435028248588	0.05367231638418079	0.02824858757062147	0.036723163841807904	0.096045197740113	0.10451977401129944	0.18926553672316382	0.10451977401129944	0.002824858757062147	0.1384180790960452	0.002824858757062147
104	104	0.0020703933747412005	0.0020703933747412005	0.13871635610766045	0.0020703933747412005	0.0020703933747412005	0.3995859213250517	0.045548654244306416	0.051759834368530024	0.014492753623188406	0.13871635610766045	0.0020703933747412005	0.09523809523809525	0.0020703933747412005	0.020703933747412008	0.08281573498964803
105	105	0.04761904761904762	0.019047619047619046	0.02619047619047619	0.011904761904761906	0.0011904761904761904	0.12976190476190477	0.0011904761904761904	0.0011904761904761904	0.02619047619047619	0.2476190476190476	0.04404761904761905	0.0011904761904761904	0.008333333333333333	0.42976190476190473	0.0047619047619047615
106	106	0.047619047619047616	0.047619047619047616	0.047619047619047616	0.047619047619047616	0.047619047619047616	0.19047619047619047	0.047619047619047616	0.047619047619047616	0.047619047619047616	0.047619047619047616	0.047619047619047616	0.047619047619047616	0.19047619047619047	0.047619047619047616	0.047619047619047616
107	107	0.03354297693920335	0.008385744234800837	0.2725366876310273	0.0020964360587002093	0.027253668763102725	0.0020964360587002093	0.020964360587002098	0.09643605870020965	0.04612159329140461	0.008385744234800837	0.16561844863731656	0.0020964360587002093	0.027253668763102725	0.20335429769392036	0.08385744234800839
108	108	0.014675052410901468	0.0020964360587002093	0.14046121593291405	0.014675052410901468	0.0020964360587002093	0.008385744234800837	0.0020964360587002093	0.014675052410901468	0.027253668763102725	0.12159329140461216	0.039832285115303984	0.008385744234800837	0.22222222222222224	0.1970649895178197	0.18448637316561844
109	109	0.05757575757575757	0.18484848484848485	0.0030303030303030303	0.030303030303030304	0.0030303030303030303	0.048484848484848485	0.08484848484848485	0.0030303030303030303	0.021212121212121213	0.0030303030303030303	0.0030303030303030303	0.08484848484848485	0.08484848484848485	0.030303030303030304	0.3575757575757576
110	110	0.15935672514619884	0.0014619883040935672	0.0014619883040935672	0.03216374269005848	0.027777777777777776	0.15935672514619884	0.21637426900584797	0.20321637426900585	0.023391812865497075	0.097953216374269	0.0014619883040935672	0.0014619883040935672	0.03216374269005848	0.005847953216374269	0.036549707602339186
111	111	0.17204301075268819	0.0015360983102918587	0.0015360983102918587	0.0015360983102918587	0.1904761904761905	0.02457757296466974	0.006144393241167435	0.07987711213517665	0.10291858678955453	0.17204301075268819	0.0015360983102918587	0.03379416282642089	0.19508448540706605	0.010752688172043012	0.006144393241167435
112	112	0.018840579710144925	0.010144927536231885	0.18405797101449275	0.014492753623188406	0.0014492753623188406	0.10144927536231883	0.0014492753623188406	0.005797101449275362	0.0753623188405797	0.20579710144927538	0.04927536231884058	0.04057971014492754	0.005797101449275362	0.2101449275362319	0.0753623188405797
113	113	0.022569444444444444	0.03819444444444444	0.2465277777777778	0.001736111111111111	0.006944444444444444	0.001736111111111111	0.001736111111111111	0.001736111111111111	0.12152777777777778	0.10069444444444443	0.001736111111111111	0.006944444444444444	0.04340277777777778	0.3611111111111111	0.04340277777777778
114	114	0.001282051282051282	0.005128205128205128	0.028205128205128206	0.005128205128205128	0.012820512820512822	0.08205128205128205	0.4551282051282051	0.001282051282051282	0.001282051282051282	0.1512820512820513	0.005128205128205128	0.04743589743589744	0.043589743589743594	0.12051282051282051	0.03974358974358975
115	115	0.09567901234567902	0.012345679012345678	0.0030864197530864196	0.0030864197530864196	0.012345679012345678	0.040123456790123455	0.0030864197530864196	0.3549382716049383	0.05864197530864197	0.29012345679012347	0.0030864197530864196	0.040123456790123455	0.02160493827160494	0.012345679012345678	0.04938271604938271
116	116	0.11604938271604938	0.008641975308641976	0.0049382716049382715	0.0308641975308642	0.0049382716049382715	0.2901234567901234	0.04938271604938272	0.0012345679012345679	0.20864197530864198	0.06790123456790123	0.07160493827160494	0.13827160493827162	0.0012345679012345679	0.0012345679012345679	0.0049382716049382715
117	117	0.014005602240896359	0.21568627450980393	0.2661064425770308	0.0014005602240896359	0.05182072829131653	0.12324929971988795	0.0392156862745098	0.0014005602240896359	0.00980392156862745	0.0014005602240896359	0.09803921568627451	0.014005602240896359	0.030812324929971987	0.11064425770308123	0.022408963585434174
118	118	0.160075329566855	0.11487758945386063	0.18832391713747648	0.0018832391713747645	0.030131826741996232	0.007532956685499058	0.02448210922787194	0.05838041431261771	0.05838041431261771	0.19962335216572505	0.05273069679849341	0.041431261770244816	0.05838041431261771	0.0018832391713747645	0.0018832391713747645
119	119	0.1841620626151013	0.13443830570902393	0.01289134438305709	0.0018416206261510127	0.007366482504604051	0.034990791896869246	0.13996316758747698	0.007366482504604051	0.0018416206261510127	0.06813996316758748	0.2504604051565378	0.0018416206261510127	0.034990791896869246	0.11786372007366482	0.0018416206261510127
120	120	0.047619047619047616	0.047619047619047616	0.047619047619047616	0.047619047619047616	0.047619047619047616	0.047619047619047616	0.047619047619047616	0.047619047619047616	0.047619047619047616	0.047619047619047616	0.047619047619047616	0.33333333333333337	0.047619047619047616	0.047619047619047616	0.047619047619047616
121	121	0.0016025641025641025	0.020833333333333332	0.0016025641025641025	0.0016025641025641025	0.1362179487179487	0.02564102564102564	0.0016025641025641025	0.1266025641025641	0.06410256410256411	0.2371794871794872	0.1794871794871795	0.0016025641025641025	0.0016025641025641025	0.16987179487179488	0.030448717948717948
122	122	0.004115226337448559	0.053497942386831275	0.004115226337448559	0.02880658436213992	0.5349794238683128	0.004115226337448559	0.22633744855967078	0.004115226337448559	0.016460905349794237	0.06584362139917695	0.02880658436213992	0.004115226337448559	0.004115226337448559	0.016460905349794237	0.004115226337448559
123	123	0.0018214936247723133	0.018214936247723135	0.0018214936247723133	0.0018214936247723133	0.007285974499089253	0.14936247723132967	0.0018214936247723133	0.5045537340619307	0.0018214936247723133	0.0018214936247723133	0.08925318761384335	0.0018214936247723133	0.012750455373406194	0.1111111111111111	0.09471766848816028
124	124	0.0674931129476584	0.07988980716253442	0.08815426997245178	0.03856749311294766	0.005509641873278236	0.09641873278236913	0.022038567493112945	0.10881542699724517	0.07575757575757575	0.09641873278236913	0.0303030303030303	0.01790633608815427	0.001377410468319559	0.15013774104683197	0.1212121212121212
125	125	0.1431159420289855	0.14855072463768115	0.06702898550724638	0.07246376811594203	0.0018115942028985505	0.018115942028985508	0.07789855072463768	0.0018115942028985505	0.050724637681159424	0.213768115942029	0.023550724637681156	0.17028985507246377	0.007246376811594202	0.0018115942028985505	0.0018115942028985505
126	126	0.026533996683250412	0.04145936981757878	0.0016583747927031507	0.1011608623548922	0.03648424543946932	0.01658374792703151	0.006633499170812603	0.04643449419568823	0.23548922056384744	0.1111111111111111	0.05638474295190713	0.25538971807628524	0.04643449419568823	0.0016583747927031507	0.01658374792703151
